0.001000
0.002925
0.005637
0.006334
0.007841
0.011018
0.014304
0.017624
0.020939
0.024355
0.027731
0.031035
0.034397
0.037771
0.041192
0.044570
0.047865
0.051133
0.054203
0.056952
0.059333
0.061168
0.062275
0.062749
0.063980
0.066949
0.071264
0.077491
0.085378
0.094170
0.103073
0.112300
0.120749
0.127136
0.131804
0.133537
0.134140
0.137203
0.140634
0.143663
0.145609
0.145977
0.149443
0.157108
0.168714
0.183561
0.200952
0.220415
0.241126
0.262445
0.283687
0.304335
0.323966
0.342243
0.358817
0.373397
0.385784
0.395783
0.403288
0.408207
0.410584
0.418143
0.437049
0.467151
0.508245
0.554854
0.605551
0.663575
0.730548
0.807343
