0.001000
0.001213
0.001509
0.001913
0.002268
0.002617
0.002840
0.003204
0.003813
0.004404
0.004861
0.005455
0.006085
0.006771
0.007270
0.007832
0.008351
0.008774
0.009135
0.009599
0.009879
0.010421
0.011107
0.011941
0.013299
0.014947
0.017411
0.020054
0.023331
0.027220
0.031074
0.034199
0.036776
0.038875
0.039963
0.040386
0.041383
0.043009
0.044971
0.046533
0.047345
0.048500
0.051207
0.054855
0.058964
0.063457
0.068402
0.073408
0.078422
0.083511
0.088739
0.094008
0.099222
0.104272
0.109045
0.113434
0.117427
0.120897
0.123832
0.126201
0.127994
0.129132
0.129618
0.129972
0.130840
0.142216
0.164343
0.197017
0.240073
0.292519
0.350450
