Dilating obstacles...
Total: 332 obstacles, 1553 freespaces marked as dilated obstacles.
0 : 0.000, -1.000 -> 32, 48 
0.000000 0.000000 
0.001000 0.024556 
0.002000 0.048455 
0.003000 0.071711 
0.004000 0.094338 
0.005000 0.116351 
0.006000 0.137761 
0.007000 0.158581 
0.008000 0.178825 
0.009000 0.198505 
0.010000 0.217633 
0.011000 0.236220 
0.012000 0.254280 
0.013000 0.271822 
0.014000 0.288858 
0.015000 0.305400 
0.016000 0.321457 
0.017000 0.337042 
0.018000 0.352163 
0.019000 0.366831 
0.020000 0.381055 
0.021000 0.394847 
0.022000 0.408215 
0.023000 0.421168 
0.024000 0.433716 
0.025000 0.445868 
0.026000 0.457632 
0.027000 0.469017 
0.028000 0.480031 
0.029000 0.490683 
0.030000 0.500982 
0.031000 0.510933 
0.032000 0.520547 
0.033000 0.529829 
0.034000 0.538789 
0.035000 0.547432 
0.036000 0.555766 
0.037000 0.563798 
0.038000 0.571535 
0.039000 0.578984 
0.040000 0.586151 
0.041000 0.593043 
0.042000 0.599666 
0.043000 0.606026 
0.044000 0.612130 
0.045000 0.617982 
0.046000 0.623590 
0.047000 0.628959 
0.048000 0.634094 
0.049000 0.639000 
0.050000 0.643685 
0.051000 0.648151 
0.052000 0.652405 
0.053000 0.656452 
0.054000 0.660296 
0.055000 0.663943 
0.056000 0.667396 
0.057000 0.670662 
0.058000 0.673744 
0.059000 0.676646 
0.060000 0.679374 
0.061000 0.681931 
0.062000 0.684321 
0.063000 0.686549 
0.064000 0.688619 
0.065000 0.690534 
0.066000 0.692298 
0.067000 0.693916 
0.068000 0.695390 
0.069000 0.696725 
0.070000 0.697923 
0.071000 0.698989 
0.072000 0.699925 
0.073000 0.700736 
0.074000 0.701423 
0.075000 0.701992 
0.076000 0.702443 
0.077000 0.702781 
0.078000 0.703009 
0.079000 0.703129 
0.080000 0.703144 
0.081000 0.703057 
0.082000 0.702871 
0.083000 0.702589 
0.084000 0.702212 
0.085000 0.701744 
0.086000 0.701187 
0.087000 0.700544 
0.088000 0.699817 
0.089000 0.699008 
0.090000 0.698119 
0.091000 0.697153 
0.092000 0.696112 
0.093000 0.694999 
0.094000 0.693814 
0.095000 0.692561 
0.096000 0.691241 
0.097000 0.689856 
0.098000 0.688409 
0.099000 0.686901 
0.100000 0.685333 
0.101000 0.683708 
0.102000 0.682028 
0.103000 0.680294 
0.104000 0.678507 
0.105000 0.676671 
0.106000 0.674785 
0.107000 0.672852 
0.108000 0.670873 
0.109000 0.668850 
0.110000 0.666784 
0.111000 0.664677 
0.112000 0.662529 
0.113000 0.660344 
0.114000 0.658121 
0.115000 0.655862 
0.116000 0.653568 
0.117000 0.651241 
0.118000 0.648881 
0.119000 0.646491 
0.120000 0.644071 
0.121000 0.641622 
0.122000 0.639146 
0.123000 0.636643 
0.124000 0.634115 
0.125000 0.631563 
0.126000 0.628987 
0.127000 0.626389 
0.128000 0.623769 
0.129000 0.621129 
0.130000 0.618469 
0.131000 0.615791 
0.132000 0.613095 
0.133000 0.610383 
0.134000 0.607654 
0.135000 0.604910 
0.136000 0.602152 
0.137000 0.599380 
0.138000 0.596595 
0.139000 0.593798 
0.140000 0.590989 
0.141000 0.588170 
0.142000 0.585341 
0.143000 0.582503 
0.144000 0.579656 
0.145000 0.576801 
0.146000 0.573939 
0.147000 0.571070 
0.148000 0.568194 
0.149000 0.565313 
0.150000 0.562427 
0.151000 0.559537 
0.152000 0.556642 
0.153000 0.553745 
0.154000 0.550844 
0.155000 0.547941 
0.156000 0.846464 
0.157000 1.136203 
0.158000 1.396738 
0.159000 1.648948 
0.160000 1.891875 
0.161000 2.127506 
0.162000 2.354882 
0.163000 2.573968 
0.164000 2.784129 
0.165000 2.985577 
0.166000 3.179128 
0.167000 3.364194 
0.168000 3.540050 
0.169000 3.707145 
0.170000 3.865520 
0.171000 4.014861 
0.172000 4.191777 
0.173000 4.358806 
0.174000 4.363929 
0.175000 4.369521 
0.176000 4.371454 
0.177000 4.421703 
0.178000 4.465507 
0.179000 4.506043 
0.180000 4.540869 
0.181000 4.569557 
0.182000 4.592833 
0.183000 4.610833 
0.184000 4.623316 
0.185000 4.630604 
0.186000 4.658265 
0.187000 4.681893 
0.188000 4.657752 
0.189000 4.631296 
0.190000 4.601855 
0.191000 4.569721 
0.192000 4.534840 
0.193000 4.497341 
0.194000 4.456898 
0.195000 4.415961 
0.196000 4.373630 
0.197000 4.328652 
0.198000 4.282370 
0.199000 4.233795 
0.200000 4.183278 
0.201000 4.148315 
0.202000 4.109563 
0.203000 4.069665 
0.204000 4.026350 
0.205000 3.981205 
0.206000 3.933533 
0.207000 3.884526 
0.208000 3.832840 
0.209000 3.779307 
0.210000 3.724061 
0.211000 3.667959 
0.212000 3.610277 
0.213000 3.551132 
0.214000 3.490638 
0.215000 3.444739 
0.216000 3.397440 
0.217000 3.357897 
0.218000 3.315490 
0.219000 3.270371 
0.220000 3.241248 
0.221000 3.209372 
0.222000 3.165401 
0.223000 3.119956 
0.224000 3.072863 
0.225000 3.024239 
0.226000 2.974198 
0.227000 2.922849 
0.228000 2.870335 
0.229000 2.816610 
0.230000 2.761796 
0.231000 2.705876 
0.232000 2.649027 
0.233000 2.591348 
0.234000 2.532922 
0.235000 2.473847 
0.236000 2.414321 
0.237000 2.354344 
0.238000 2.294002 
0.239000 2.233379 
0.240000 2.171324 
0.241000 2.109084 
0.242000 2.046740 
0.243000 1.984365 
0.244000 1.922032 
0.245000 1.859785 
0.246000 1.798128 
0.247000 1.736314 
0.248000 1.674788 
0.249000 1.613614 
0.250000 1.552685 
0.251000 1.505066 
0.252000 1.442577 
0.253000 1.327373 
0.254000 1.210783 
0.255000 1.092680 
0.256000 0.972970 
0.257000 0.851585 
0.258000 0.728487 
0.259000 0.603663 
0.260000 0.477121 
0.261000 0.348892 
0.262000 0.219024 
0.263000 0.087583 
0.264000 0.045352 
0.265000 0.179685 
0.266000 0.315314 
0.267000 0.452126 
0.268000 0.590000 
0.269000 0.728812 
0.270000 0.868431 
0.271000 1.008724 
0.272000 1.149560 
0.273000 1.290803 
0.274000 1.320624 
0.275000 1.350904 
0.276000 1.498329 
0.277000 1.645307 
0.278000 1.791748 
0.279000 1.960598 
0.280000 2.127365 
0.281000 2.149124 
0.282000 2.170544 
0.283000 2.191234 
0.284000 2.211474 
0.285000 2.229938 
0.286000 2.247884 
0.287000 2.265282 
0.288000 2.282087 
0.289000 2.298286 
0.290000 2.313852 
0.291000 2.328769 
0.292000 2.343077 
0.293000 2.356709 
0.294000 2.370654 
0.295000 2.382095 
0.296000 2.392860 
0.297000 2.402952 
0.298000 2.412368 
0.299000 2.421109 
0.300000 2.429179 
0.301000 2.432005 
0.302000 2.434375 
0.303000 2.437018 
0.304000 2.437466 
0.305000 2.437479 
0.306000 2.439763 
0.307000 2.447339 
0.308000 2.453119 
0.309000 2.452869 
0.310000 2.453118 
0.311000 2.449700 
0.312000 2.446859 
0.313000 2.446461 
0.314000 2.446566 
0.315000 2.447149 
0.316000 2.448192 
0.317000 2.445506 
0.318000 2.443356 
0.319000 2.441731 
0.320000 2.440612 
0.321000 2.440378 
0.322000 2.440165 
0.323000 2.440869 
0.324000 2.441918 
0.325000 2.444296 
0.326000 2.442859 
0.327000 2.441941 
0.328000 2.441551 
0.329000 2.441656 
0.330000 2.442655 
0.331000 2.444116 
0.332000 2.446031 
0.333000 2.448382 
0.334000 2.453990 
0.335000 2.459871 
0.336000 2.410191 
0.337000 2.339247 
0.338000 2.268820 
0.339000 2.203783 
0.340000 2.148147 
0.341000 2.097705 
0.342000 2.052363 
0.343000 2.012062 
0.344000 1.976711 
0.345000 1.948043 
0.346000 1.924135 
0.347000 1.904901 
0.348000 1.896293 
0.349000 1.892119 
0.350000 1.892294 
0.351000 1.896728 
0.352000 1.901799 
0.353000 1.910981 
0.354000 1.924184 
0.355000 1.941209 
0.356000 1.958134 
0.357000 1.975485 
0.358000 1.992756 
0.359000 1.986245 
0.360000 1.983688 
0.361000 1.984985 
0.362000 1.990058 
0.363000 1.998804 
0.364000 2.011040 
0.365000 2.026762 
0.366000 2.043411 
0.367000 2.060112 
0.368000 2.078218 
0.369000 2.084984 
0.370000 2.101157 
0.371000 2.117341 
0.372000 2.130941 
0.373000 2.142942 
0.374000 2.157036 
0.375000 2.169324 
0.376000 2.181756 
0.377000 2.194425 
0.378000 2.207237 
0.379000 2.218969 
0.380000 2.228344 
0.381000 2.230765 
0.382000 2.235054 
0.383000 2.236597 
0.384000 2.241380 
0.385000 2.236881 
0.386000 2.235946 
0.387000 2.238254 
0.388000 2.237943 
0.389000 2.235059 
0.390000 2.229656 
0.391000 2.221778 
0.392000 2.211480 
0.393000 2.210861 
0.394000 2.204550 
0.395000 2.195413 
0.396000 2.183949 
0.397000 2.170200 
0.398000 2.153711 
0.399000 2.138966 
0.400000 2.122037 
0.401000 2.102965 
0.402000 2.082244 
0.403000 2.072567 
0.404000 2.034538 
0.405000 2.001138 
0.406000 2.036121 
0.407000 2.070604 
0.408000 2.104601 
0.409000 2.138315 
0.410000 2.173960 
0.411000 2.209267 
0.412000 2.244050 
0.413000 2.278349 
0.414000 2.312177 
0.415000 2.345610 
0.416000 2.378597 
0.417000 2.411150 
0.418000 2.443280 
0.419000 2.475116 
0.420000 2.506548 
0.421000 2.537680 
0.422000 2.566148 
0.423000 2.594351 
0.424000 2.565213 
0.425000 2.538154 
0.426000 2.491986 
0.427000 2.450317 
0.428000 2.413046 
0.429000 2.394318 
0.430000 2.377356 
0.431000 2.344089 
0.432000 2.329641 
0.433000 2.298534 
0.434000 2.271442 
0.435000 2.248276 
0.436000 2.228946 
0.437000 2.213591 
0.438000 2.202113 
0.439000 2.157458 
0.440000 2.115014 
0.441000 2.074545 
0.442000 2.036292 
0.443000 2.006675 
0.444000 1.978899 
0.445000 1.952711 
0.446000 1.928260 
0.447000 1.905494 
0.448000 1.884364 
0.449000 1.865020 
0.450000 1.847215 
0.451000 1.831271 
0.452000 1.816772 
0.453000 1.803672 
0.454000 1.791924 
0.455000 1.781492 
0.456000 1.772336 
0.457000 1.762978 
0.458000 1.754841 
0.459000 1.747887 
0.460000 1.742078 
0.461000 1.737377 
0.462000 1.733512 
0.463000 1.730690 
0.464000 1.729080 
0.465000 1.729458 
0.466000 1.729851 
0.467000 1.731373 
0.468000 1.742678 
0.469000 1.755070 
0.470000 1.768560 
0.471000 1.782731 
0.472000 1.797562 
0.473000 1.814131 
0.474000 1.831302 
0.475000 1.849413 
0.476000 1.868084 
0.477000 1.887395 
0.478000 1.907225 
0.479000 1.927557 
0.480000 1.948373 
0.481000 1.969413 
0.482000 1.990995 
0.483000 2.015189 
0.484000 2.040266 
0.485000 2.080263 
0.486000 2.120349 
0.487000 2.160598 
0.488000 2.200709 
0.489000 2.240894 
0.490000 2.281638 
0.491000 2.322436 
0.492000 2.363283 
0.493000 2.404171 
0.494000 2.445094 
0.495000 2.486047 
0.496000 2.527952 
0.497000 2.569866 
0.498000 2.611883 
0.499000 2.653204 
0.500000 2.694524 
0.501000 2.736375 
0.502000 2.778204 
0.503000 2.820005 
0.504000 2.861736 
0.505000 2.904214 
0.506000 2.944951 
0.507000 2.984968 
0.508000 3.024285 
0.509000 3.062912 
0.510000 3.100421 
0.511000 3.137282 
0.512000 3.173437 
0.513000 3.208974 
0.514000 3.243911 
0.515000 3.278263 
0.516000 3.312041 
0.517000 3.345256 
0.518000 3.374016 
0.519000 3.402749 
0.520000 3.431028 
0.521000 3.458670 
0.522000 3.485858 
0.523000 3.512588 
0.524000 3.538883 
0.525000 3.564752 
0.526000 3.590204 
0.527000 3.616566 
0.528000 3.642478 
0.529000 3.667963 
0.530000 3.693034 
0.531000 3.717483 
0.532000 3.741620 
0.533000 3.765245 
0.534000 3.788473 
0.535000 3.811334 
0.536000 3.833834 
0.537000 3.855985 
0.538000 3.877794 
0.539000 3.899270 
0.540000 3.920421 
0.541000 3.941257 
0.542000 3.961784 
0.543000 3.983769 
0.544000 4.002766 
0.545000 4.021296 
0.546000 4.037587 
0.547000 4.055396 
0.548000 4.073006 
0.549000 4.090423 
0.550000 4.104911 
0.551000 4.116164 
0.552000 4.127468 
0.553000 4.138852 
0.554000 4.150291 
0.555000 4.161786 
0.556000 4.173337 
0.557000 4.184945 
0.558000 4.196610 
0.559000 4.208329 
0.560000 4.220102 
0.561000 4.231928 
0.562000 4.243804 
0.563000 4.255728 
0.564000 4.269494 
0.565000 4.283257 
0.566000 4.297011 
0.567000 4.310757 
0.568000 4.324494 
0.569000 4.333828 
0.570000 4.343652 
0.571000 4.345528 
0.572000 4.347948 
0.573000 4.350908 
0.574000 4.354400 
0.575000 4.358416 
0.576000 4.362944 
0.577000 4.367976 
0.578000 4.373498 
0.579000 4.379498 
0.580000 4.385963 
0.581000 4.392878 
0.582000 4.400229 
0.583000 4.407999 
0.584000 4.416175 
0.585000 4.424739 
0.586000 4.433675 
0.587000 4.442968 
0.588000 4.452601 
0.589000 4.457580 
0.590000 4.463091 
0.591000 4.456606 
0.592000 4.450976 
0.593000 4.446161 
0.594000 4.442180 
0.595000 4.439020 
0.596000 4.436666 
0.597000 4.435103 
0.598000 4.434315 
0.599000 4.434283 
0.600000 4.432613 
0.601000 4.431721 
0.602000 4.431583 
0.603000 4.432177 
0.604000 4.433481 
0.605000 4.435470 
0.606000 4.438123 
0.607000 4.578808 
0.608000 4.710810 
0.609000 4.840273 
0.610000 4.831977 
0.611000 4.824608 
0.612000 4.803224 
0.613000 4.782988 
0.614000 4.763847 
0.615000 4.745802 
0.616000 4.728812 
0.617000 4.712866 
0.618000 4.697830 
0.619000 4.683929 
0.620000 4.670992 
0.621000 4.658889 
0.622000 4.647698 
0.623000 4.637394 
0.624000 4.628591 
0.625000 4.620422 
0.626000 4.616041 
0.627000 4.612185 
0.628000 4.608836 
0.629000 4.605976 
0.630000 4.603589 
0.631000 4.601656 
0.632000 4.596719 
0.633000 4.592294 
0.634000 4.588361 
0.635000 4.584902 
0.636000 4.581900 
0.637000 4.579338 
0.638000 4.577197 
0.639000 4.577016 
0.640000 4.564992 
0.641000 4.554595 
0.642000 4.544435 
0.643000 4.535201 
0.644000 4.526276 
0.645000 4.517658 
0.646000 4.509347 
0.647000 4.501571 
0.648000 4.494094 
0.649000 4.485085 
0.650000 4.476425 
0.651000 4.468114 
0.652000 4.460148 
0.653000 4.452527 
0.654000 4.449615 
0.655000 4.446723 
0.656000 4.443983 
0.657000 4.441264 
0.658000 4.438570 
0.659000 4.435904 
0.660000 4.433272 
0.661000 4.430680 
0.662000 4.428133 
0.663000 4.425639 
0.664000 4.423205 
0.665000 4.422899 
0.666000 4.422612 
0.667000 4.422355 
0.668000 4.426276 
0.669000 4.429926 
0.670000 4.433456 
0.671000 4.436744 
0.672000 4.439806 
0.673000 4.442661 
0.674000 4.445328 
0.675000 4.447827 
0.676000 4.450177 
0.677000 4.452399 
0.678000 4.454514 
0.679000 4.456542 
0.680000 4.458505 
0.681000 4.460422 
0.682000 4.465287 
0.683000 4.469874 
0.684000 4.474313 
0.685000 4.478526 
0.686000 4.482542 
0.687000 4.486389 
0.688000 4.490096 
0.689000 4.493948 
0.690000 4.497710 
0.691000 4.501406 
0.692000 4.505065 
0.693000 4.508713 
0.694000 4.512374 
0.695000 4.516073 
0.696000 4.520631 
0.697000 4.525123 
0.698000 4.529682 
0.699000 4.534233 
0.700000 4.538803 
0.701000 4.543421 
0.702000 4.548111 
0.703000 4.552900 
0.704000 4.557810 
0.705000 4.562863 
0.706000 4.568081 
0.707000 4.575023 
0.708000 4.578689 
0.709000 4.582622 
0.710000 4.584587 
0.711000 4.586889 
0.712000 4.589558 
0.713000 4.592593 
0.714000 4.596005 
0.715000 4.599805 
0.716000 4.604002 
0.717000 4.608602 
0.718000 4.613611 
0.719000 4.619034 
0.720000 4.624873 
0.721000 4.631129 
0.722000 4.637803 
0.723000 4.644893 
0.724000 4.652397 
0.725000 4.654388 
0.726000 4.657063 
0.727000 4.655387 
0.728000 4.654582 
0.729000 4.654698 
0.730000 4.655670 
0.731000 4.657488 
0.732000 4.660141 
0.733000 4.663613 
0.734000 4.667888 
0.735000 4.672949 
0.736000 4.678777 
0.737000 4.685352 
0.738000 4.692672 
0.739000 4.690302 
0.740000 4.689162 
0.741000 4.689149 
0.742000 4.690299 
0.743000 4.692595 
0.744000 4.695980 
0.745000 4.700415 
0.746000 4.705862 
0.747000 4.712280 
0.748000 4.719631 
0.749000 4.727873 
0.750000 4.736967 
0.751000 4.746871 
0.752000 4.757546 
0.753000 4.768951 
0.754000 4.775512 
0.755000 4.768545 
0.756000 4.763226 
0.757000 4.759451 
0.758000 4.757291 
0.759000 4.756667 
0.760000 4.757518 
0.761000 4.759783 
0.762000 4.763398 
0.763000 4.768303 
0.764000 4.774435 
0.765000 4.781733 
0.766000 4.790136 
0.767000 4.799582 
0.768000 4.810013 
0.769000 4.821369 
0.770000 4.833591 
0.771000 4.846624 
0.772000 4.860409 
0.773000 4.852861 
0.774000 4.847042 
0.775000 4.836347 
0.776000 4.827763 
0.777000 4.821214 
0.778000 4.816628 
0.779000 4.813930 
0.780000 4.813048 
0.781000 4.813908 
0.782000 4.816439 
0.783000 4.820569 
0.784000 4.826227 
0.785000 4.833344 
0.786000 4.841850 
0.787000 4.851678 
0.788000 4.862762 
0.789000 4.875034 
0.790000 4.885853 
0.791000 4.897945 
0.792000 4.791389 
0.793000 4.688472 
0.794000 4.589079 
0.795000 4.487167 
0.796000 4.388697 
0.797000 4.307822 
0.798000 4.229884 
0.799000 4.154796 
0.800000 4.082469 
0.801000 4.012821 
0.802000 3.945770 
0.803000 3.881237 
0.804000 3.819146 
0.805000 3.759424 
0.806000 3.702324 
0.807000 3.647455 
0.808000 3.692108 
0.809000 3.736271 
0.810000 3.779971 
0.811000 3.823229 
0.812000 3.866064 
0.813000 3.908493 
0.814000 3.950528 
0.815000 3.992180 
0.816000 4.033458 
0.817000 4.074368 
0.818000 4.114914 
0.819000 4.155099 
0.820000 4.194925 
0.821000 4.234391 
0.822000 4.273496 
0.823000 4.312238 
0.824000 4.350519 
0.825000 4.388455 
0.826000 4.419760 
0.827000 4.450856 
0.828000 4.481732 
0.829000 4.512376 
0.830000 4.523335 
0.831000 4.534470 
0.832000 4.546024 
0.833000 4.557764 
0.834000 4.569696 
0.835000 4.581822 
0.836000 4.594144 
0.837000 4.606661 
0.838000 4.619621 
0.839000 4.637465 
0.840000 4.655319 
0.841000 4.671694 
0.842000 4.688100 
0.843000 4.704531 
0.844000 4.720979 
0.845000 4.737438 
0.846000 4.753899 
0.847000 4.770357 
0.848000 4.786802 
0.849000 4.803229 
0.850000 4.819629 
0.851000 4.837062 
0.852000 4.857730 
0.853000 4.878186 
0.854000 4.893979 
0.855000 4.909687 
0.856000 4.925303 
0.857000 4.940819 
0.858000 4.956229 
0.859000 4.971525 
0.860000 4.986702 
0.861000 5.001754 
0.862000 5.016677 
0.863000 5.031466 
0.864000 5.046116 
0.865000 5.062783 
0.866000 5.079209 
0.867000 5.093337 
0.868000 5.107274 
0.869000 5.121017 
0.870000 5.134566 
0.871000 5.147918 
0.872000 5.161073 
0.873000 5.174030 
0.874000 5.186789 
0.875000 5.199350 
0.876000 5.211734 
0.877000 5.225348 
0.878000 5.238703 
0.879000 5.379301 
0.880000 5.516232 
0.881000 5.649588 
0.882000 5.779462 
0.883000 5.905943 
0.884000 6.029117 
0.885000 6.149069 
0.886000 6.265882 
0.887000 6.379635 
0.888000 6.492042 
0.889000 6.601474 
0.890000 6.580663 
0.891000 6.560461 
0.892000 6.540850 
0.893000 6.521810 
0.894000 6.503324 
0.895000 6.485375 
0.896000 6.467945 
0.897000 6.451020 
0.898000 6.435225 
0.899000 6.419885 
0.900000 6.532310 
0.901000 6.641713 
0.902000 6.748172 
0.903000 6.851763 
0.904000 6.952559 
0.905000 7.050632 
0.906000 7.146052 
0.907000 7.239638 
0.908000 7.330701 
0.909000 7.419303 
0.910000 7.505507 
0.911000 7.589373 
0.912000 7.670960 
0.913000 7.750326 
0.914000 7.827524 
0.915000 7.902610 
0.916000 7.976194 
0.917000 8.047785 
0.918000 8.117432 
0.919000 8.185183 
0.920000 8.251081 
0.921000 8.315171 
0.922000 8.377497 
0.923000 8.438501 
0.924000 8.497858 
0.925000 8.555605 
0.926000 8.611777 
0.927000 8.666408 
0.928000 8.719531 
0.929000 8.771179 
0.930000 8.821383 
0.931000 8.870559 
0.932000 8.918401 
0.933000 8.964934 
0.934000 9.010183 
0.935000 9.054170 
0.936000 9.088070 
0.937000 9.120845 
0.938000 9.154239 
0.939000 9.186665 
0.940000 9.218178 
0.941000 9.248829 
0.942000 9.278666 
0.943000 9.307735 
0.944000 9.336079 
0.945000 9.365074 
0.946000 9.393447 
0.947000 9.421225 
0.948000 9.448434 
0.949000 9.475099 
0.950000 9.501240 
0.951000 9.527725 
0.952000 9.553761 
0.953000 9.579359 
0.954000 9.604524 
0.955000 9.629265 
0.956000 9.653586 
0.957000 9.677493 
0.958000 9.701419 
0.959000 9.724980 
0.960000 9.621504 
0.961000 9.520956 
0.962000 9.423246 
0.963000 9.328425 
0.964000 9.236304 
0.965000 9.146841 
0.966000 9.060497 
0.967000 8.976347 
0.968000 8.894547 
0.969000 8.815018 
0.970000 8.737688 
0.971000 8.662455 
0.972000 8.589301 
0.973000 8.518650 
0.974000 8.449916 
0.975000 8.383033 
0.976000 8.317933 
0.977000 8.254554 
0.978000 8.192835 
0.979000 8.132830 
0.980000 8.074370 
0.981000 8.016886 
0.982000 7.960834 
0.983000 7.906157 
0.984000 7.852799 
0.985000 7.800707 
0.986000 7.749832 
0.987000 7.700651 
0.988000 7.652565 
0.989000 7.608247 
0.990000 7.564837 
0.991000 7.522288 
0.992000 7.480557 
0.993000 7.439602 
0.994000 7.399386 
0.995000 7.361169 
0.996000 7.323560 
0.997000 7.285264 
0.998000 7.247523 
0.999000 7.210299 
1.000000 7.173558 
1.001000 7.137269 
1.002000 7.101406 
1.003000 7.068258 
1.004000 7.035393 
1.005000 7.003840 
1.006000 6.972471 
1.007000 6.941260 
1.008000 6.910189 
1.009000 6.879243 
1.010000 6.848410 
1.011000 6.817684 
1.012000 6.790329 
1.013000 6.762928 
1.014000 6.738538 
1.015000 6.713983 
1.016000 6.689264 
1.017000 6.664386 
1.018000 6.639359 
1.019000 6.614197 
1.020000 6.588918 
1.021000 6.563542 
1.022000 6.541616 
1.023000 6.519451 
1.024000 6.493439 
1.025000 6.467347 
1.026000 6.441200 
1.027000 6.415023 
1.028000 6.388844 
1.029000 6.362692 
1.030000 6.336600 
1.031000 6.313194 
1.032000 6.293115 
1.033000 6.268707 
1.034000 6.235689 
1.035000 6.202760 
1.036000 6.169950 
1.037000 6.137294 
1.038000 6.104825 
1.039000 6.072581 
1.040000 6.040597 
1.041000 6.008911 
1.042000 5.977921 
1.043000 5.947220 
1.044000 6.034916 
1.045000 6.119475 
1.046000 6.201089 
1.047000 6.279945 
1.048000 6.356228 
1.049000 6.430119 
1.050000 6.501792 
1.051000 6.571415 
1.052000 6.634437 
1.053000 6.695941 
1.054000 6.653176 
1.055000 6.611788 
1.056000 6.571776 
1.057000 6.533140 
1.058000 6.495876 
1.059000 6.459974 
1.060000 6.425427 
1.061000 6.392220 
1.062000 6.353344 
1.063000 6.316164 
1.064000 6.248575 
1.065000 6.183336 
1.066000 6.120387 
1.067000 6.055099 
1.068000 5.992197 
1.069000 5.963635 
1.070000 5.936657 
1.071000 5.911233 
1.072000 5.887331 
1.073000 5.864915 
1.074000 5.832224 
1.075000 5.801569 
1.076000 5.869461 
1.077000 5.937487 
1.078000 6.005718 
1.079000 6.074208 
1.080000 6.142999 
1.081000 6.212117 
1.082000 6.281581 
1.083000 6.351392 
1.084000 6.421547 
1.085000 6.492029 
1.086000 6.535619 
1.087000 6.572937 
1.088000 6.614309 
1.089000 6.599812 
1.090000 6.588160 
1.091000 6.579227 
1.092000 6.572886 
1.093000 6.569011 
1.094000 6.567474 
1.095000 6.568150 
1.096000 6.570916 
1.097000 6.575648 
1.098000 6.556555 
1.099000 6.540273 
1.100000 6.523906 
1.101000 6.507911 
1.102000 6.494574 
1.103000 6.445168 
1.104000 6.398774 
1.105000 6.355257 
1.106000 6.314485 
1.107000 6.276331 
1.108000 6.240672 
1.109000 6.207387 
1.110000 6.176364 
1.111000 6.147489 
1.112000 6.120657 
1.113000 6.095764 
1.114000 6.052400 
1.115000 6.011317 
1.116000 5.972019 
1.117000 5.934860 
1.118000 5.899766 
1.119000 5.866663 
1.120000 5.835480 
1.121000 5.806148 
1.122000 5.778598 
1.123000 5.752762 
1.124000 5.728575 
1.125000 5.705972 
1.126000 5.686770 
1.127000 5.668913 
1.128000 5.654769 
1.129000 5.641804 
1.130000 5.629968 
1.131000 5.619208 
1.132000 5.609477 
1.133000 5.600726 
1.134000 5.592909 
1.135000 5.585981 
1.136000 5.579900 
1.137000 5.574623 
1.138000 5.571642 
1.139000 5.552618 
1.140000 5.534357 
1.141000 5.500642 
1.142000 5.468151 
1.143000 5.436849 
1.144000 5.406705 
1.145000 5.377688 
1.146000 5.349765 
1.147000 5.322908 
1.148000 5.297087 
1.149000 5.272272 
1.150000 5.253370 
1.151000 5.235199 
1.152000 5.200299 
1.153000 5.166511 
1.154000 5.133800 
1.155000 5.102131 
1.156000 5.071471 
1.157000 5.041787 
1.158000 5.013051 
1.159000 4.985231 
1.160000 4.958301 
1.161000 4.932232 
1.162000 4.907000 
1.163000 4.886343 
1.164000 4.866306 
1.165000 4.928715 
1.166000 4.989571 
1.167000 5.048919 
1.168000 5.106805 
1.169000 5.163271 
1.170000 5.218359 
1.171000 5.272107 
1.172000 5.324559 
1.173000 5.375750 
1.174000 5.425718 
1.175000 5.479778 
1.176000 5.532431 
1.177000 5.549019 
1.178000 5.565185 
1.179000 5.580938 
1.180000 5.596283 
1.181000 5.611228 
1.182000 5.625782 
1.183000 5.639953 
1.184000 5.653751 
1.185000 5.667182 
1.186000 5.684151 
1.187000 5.700588 
1.188000 5.705882 
1.189000 5.710945 
1.190000 5.715782 
1.191000 5.720395 
1.192000 5.724791 
1.193000 5.728973 
1.194000 5.732948 
1.195000 5.736721 
1.196000 5.740299 
1.197000 5.746958 
1.198000 5.753291 
1.199000 5.757186 
1.200000 5.760835 
1.201000 5.764241 
1.202000 5.767412 
1.203000 5.770352 
1.204000 5.773068 
1.205000 5.775570 
1.206000 5.777862 
1.207000 5.779952 
1.208000 5.784815 
1.209000 5.789374 
1.210000 5.757547 
1.211000 5.726422 
1.212000 5.695980 
1.213000 5.666202 
1.214000 5.637073 
1.215000 5.608573 
1.216000 5.580689 
1.217000 5.553406 
1.218000 5.526709 
1.219000 5.502848 
1.220000 5.479466 
1.221000 5.616026 
1.222000 5.748851 
1.223000 5.759924 
1.224000 5.770628 
1.225000 5.780965 
1.226000 5.790935 
1.227000 5.800540 
1.228000 5.809782 
1.229000 5.818663 
1.230000 5.826439 
1.231000 5.834743 
1.232000 5.842720 
1.233000 5.849034 
1.234000 5.855045 
1.235000 5.860748 
1.236000 5.866138 
1.237000 5.871212 
1.238000 5.875969 
1.239000 5.880407 
1.240000 5.884528 
1.241000 5.888332 
1.242000 5.893223 
1.243000 5.897786 
1.244000 5.900870 
1.245000 5.903644 
1.246000 5.906102 
1.247000 5.908242 
1.248000 5.910063 
1.249000 5.911566 
1.250000 5.912754 
1.251000 5.913632 
1.252000 5.914205 
1.253000 5.916481 
1.254000 5.918406 
1.255000 5.809672 
1.256000 5.703711 
1.257000 5.601457 
1.258000 5.501870 
1.259000 5.635227 
1.260000 5.764714 
1.261000 5.890394 
1.262000 6.012330 
1.263000 6.130588 
1.264000 6.247246 
1.265000 6.360311 
1.266000 6.355609 
1.267000 6.350638 
1.268000 6.345375 
1.269000 6.339804 
1.270000 6.333916 
1.271000 6.327710 
1.272000 6.321189 
1.273000 6.314363 
1.274000 6.307243 
1.275000 6.302167 
1.276000 6.296625 
1.277000 6.289154 
1.278000 6.281282 
1.279000 6.273028 
1.280000 6.264417 
1.281000 6.255479 
1.282000 6.246245 
1.283000 6.236749 
1.284000 6.227027 
1.285000 6.218493 
1.286000 6.210482 
1.287000 6.175667 
1.288000 6.277549 
1.289000 6.374969 
1.290000 6.468203 
1.291000 6.557535 
1.292000 6.643247 
1.293000 6.725613 
1.294000 6.804901 
1.295000 6.881367 
1.296000 6.955253 
1.297000 7.018942 
1.298000 7.080581 
1.299000 7.022672 
1.300000 6.966369 
1.301000 6.911720 
1.302000 6.858752 
1.303000 6.807482 
1.304000 6.757914 
1.305000 6.710044 
completed harmonic function --- 3954 iterations
1.306000 6.637152 
1.307000 6.566105 
1.308000 6.496882 
1.309000 6.429458 
1.310000 6.363805 
1.311000 6.299894 
1.312000 6.237695 
1.313000 6.177174 
1.314000 6.118297 
1.315000 6.061030 
1.316000 6.005336 
1.317000 5.951179 
1.318000 5.898520 
1.319000 5.847321 
1.320000 5.797545 
