0.001000
0.004143
0.006680
0.008698
0.016400
0.025438
0.034952
0.044743
0.054620
0.064583
0.074493
0.084190
0.093874
0.103195
0.112167
0.120931
0.129265
0.137056
0.144289
0.150856
0.156420
0.160967
0.164266
0.165794
0.166296
0.169222
0.174165
0.181814
0.191389
0.201918
0.213579
0.225084
0.235391
0.244057
0.250286
0.254052
0.255197
0.255294
0.256079
0.256989
0.257945
0.262459
0.270753
0.283364
0.300027
0.320267
0.343420
0.368715
0.395305
0.422393
0.449266
0.475271
0.499824
0.522447
0.542765
0.560486
0.575330
0.587150
0.596876
0.613648
0.641123
0.680088
0.731364
0.785822
0.846141
0.914249
0.991250
